Point1: (39.87563711406835, 32.91429539849682)
Point2: (39.84849342144195, 32.837734424375725)
